   0.00000000000000e+00   1.30588998794556e+01   1.54949078871815e+00  -1.00000000000000e+00   3.28089538572852e-01   6.88563176076034e-01   1.34876228874977e+00
   1.00000000000000e+00   1.28588998794556e+01   1.55192730091340e+00  -1.00000000000000e+00   3.26713393118054e-01   6.89413187966394e-01   1.35146075131157e+00
   2.00000000000000e+00   1.26588998794556e+01   1.55292796233566e+00  -1.00000000000000e+00   3.25268133504981e-01   6.89832032788104e-01   1.35274449326899e+00
   3.00000000000000e+00   1.24588998794556e+01   1.55472199427356e+00  -1.00000000000000e+00   3.23969821638918e-01   6.89994714851338e-01   1.35503185483679e+00
   4.00000000000000e+00   1.22588998794556e+01   1.55738737159374e+00  -1.00000000000000e+00   3.22512889098291e-01   6.91170347876170e-01   1.35783813902169e+00
   5.00000000000000e+00   1.20588998794556e+01   1.54947212110764e+00  -1.00000000000000e+00   3.20623925813692e-01   6.90852804450291e-01   1.34936524146311e+00
   6.00000000000000e+00   1.18588998794556e+01   1.55089259564660e+00  -1.00000000000000e+00   3.19105350429444e-01   6.91569502198774e-01   1.35098898670096e+00
   7.00000000000000e+00   1.16588998794556e+01   1.55273521148922e+00  -1.00000000000000e+00   3.17533072253582e-01   6.92259031666814e-01   1.35312113947695e+00
   8.00000000000000e+00   1.14588998794556e+01   1.55419441951696e+00  -1.00000000000000e+00   3.16032267680337e-01   6.93136616834128e-01   1.35469757874081e+00
   9.00000000000000e+00   1.12588998794556e+01   1.55639833477326e+00  -1.00000000000000e+00   3.14415006745480e-01   6.94238176968676e-01   1.35703807376854e+00
   1.00000000000000e+01   1.10588998794556e+01   1.55753744785983e+00  -1.00000000000000e+00   3.12695849052399e-01   6.94901658210352e-01   1.35840196292835e+00
   1.10000000000000e+01   1.08588998794556e+01   1.55387124703430e+00  -1.00000000000000e+00   3.10672461083393e-01   6.95775070527014e-01   1.35421398808219e+00
   1.20000000000000e+01   1.06588998794556e+01   1.55651535856631e+00  -1.00000000000000e+00   3.08925069038848e-01   6.96794291353822e-01   1.35712308900441e+00
   1.30000000000000e+01   1.04588998794556e+01   1.55946028750937e+00  -1.00000000000000e+00   3.07172498315093e-01   6.98353541115763e-01   1.36009697309006e+00
   1.40000000000000e+01   1.02588998794556e+01   1.56139153622315e+00  -1.00000000000000e+00   3.05442337535750e-01   6.99883428861917e-01   1.36191471606503e+00
   1.50000000000000e+01   1.00588998794556e+01   1.56440255554785e+00  -1.00000000000000e+00   3.03555540571367e-01   7.01770699566531e-01   1.36481767090808e+00
   1.60000000000000e+01   9.85889987945558e+00   1.56714413253831e+00  -1.00000000000000e+00   3.01660062201432e-01   7.03038540583095e-01   1.36772758598950e+00
   1.70000000000000e+01   9.65889987945558e+00   1.56614285041366e+00  -1.00000000000000e+00   2.99395572512341e-01   7.04310667039754e-01   1.36642314213272e+00
   1.80000000000000e+01   9.45889987945558e+00   1.56929857602401e+00  -1.00000000000000e+00   2.97366499865658e-01   7.05969489707629e-01   1.36962705327786e+00
   1.90000000000000e+01   9.25889987945558e+00   1.57412064479566e+00  -1.00000000000000e+00   2.95279730529350e-01   7.08753699193778e-01   1.37416661252904e+00
   2.00000000000000e+01   9.05889987945558e+00   1.57662553360459e+00  -1.00000000000000e+00   2.93357083470525e-01   7.10510991929848e-01   1.37654052796803e+00
   2.10000000000000e+01   8.85889987945558e+00   1.58100352037061e+00  -1.00000000000000e+00   2.91150105226200e-01   7.12900731769331e-01   1.38078828728151e+00
   2.20000000000000e+01   8.65889987945558e+00   1.58511050762877e+00  -1.00000000000000e+00   2.88892763588722e-01   7.15153859332347e-01   1.38480007583162e+00
   2.30000000000000e+01   8.45889987945558e+00   1.58882313370955e+00  -1.00000000000000e+00   2.86771319816362e-01   7.17697461672376e-01   1.38817560627265e+00
   2.40000000000000e+01   8.25889987945558e+00   1.59198032773822e+00  -1.00000000000000e+00   2.84059938261866e-01   7.20224515258936e-01   1.39103844770739e+00
   2.50000000000000e+01   8.05889987945558e+00   1.59769193908435e+00  -1.00000000000000e+00   2.81637203227099e-01   7.23273033466256e-01   1.39648707012777e+00
   2.60000000000000e+01   7.85889987945558e+00   1.60153397545631e+00  -1.00000000000000e+00   2.79279077232776e-01   7.26021395065459e-01   1.39993114311673e+00
   2.70000000000000e+01   7.65889987945558e+00   1.60864881756292e+00  -1.00000000000000e+00   2.76731670598487e-01   7.29758840776813e-01   1.40663521747553e+00
   2.80000000000000e+01   7.45889987945558e+00   1.61534830951808e+00  -1.00000000000000e+00   2.74153890061275e-01   7.33470773974627e-01   1.41287311155399e+00
   2.90000000000000e+01   7.25889987945558e+00   1.62147296301580e+00  -1.00000000000000e+00   2.71498131273422e-01   7.37713617029977e-01   1.41818262355552e+00
   3.00000000000000e+01   7.05889987945558e+00   1.62786811274112e+00  -1.00000000000000e+00   2.68371006682928e-01   7.41164134071888e-01   1.42429186672423e+00
   3.10000000000000e+01   6.85889987945558e+00   1.63384058138389e+00  -1.00000000000000e+00   2.65649934203814e-01   7.44860619523765e-01   1.42970200227775e+00
   3.20000000000000e+01   6.65889987945558e+00   1.64306946077623e+00  -1.00000000000000e+00   2.62661608290322e-01   7.49994410676642e-01   1.43812187119856e+00
   3.30000000000000e+01   6.45889987945558e+00   1.65266622821378e+00  -1.00000000000000e+00   2.59685673656585e-01   7.55264869863657e-01   1.44687386773198e+00
   3.40000000000000e+01   6.25889987945558e+00   1.66129464653830e+00  -1.00000000000000e+00   2.56566756453856e-01   7.60310873445053e-01   1.45464799103453e+00
   3.50000000000000e+01   6.05889987945558e+00   1.67253645932634e+00  -1.00000000000000e+00   2.53288527997081e-01   7.66850639158348e-01   1.46463757516438e+00
   3.60000000000000e+01   5.85889987945558e+00   1.68209332061651e+00  -1.00000000000000e+00   2.49745255192034e-01   7.71926498440677e-01   1.47349744749588e+00
